820
547 237
220 202
373 484
21 34
761 574
40 35
534 99
113 724
19 127
129 734
47 269
29 118
713 792
348 203
492 454
81 622
9 53
297 763
324 562
289 229
129 238
253 3
804 14
332 311
247 300
45 489
819 579
75 100
545 334
512 555
214 327
589 472
317 253
288 328
446 488
664 617
731 793
77 234
810 584
6 3
760 385
710 92
170 146
21 94
201 401
12 29
46 321
55 351
733 145
230 785
45 54
480 511
209 378
481 310
265 94
408 553
39 113
382 558
598 279
86 758
99 131
99 94
21 13
528 157
537 697
274 410
353 685
352 809
122 292
732 439
171 643
411 765
780 180
309 288
693 301
3 57
609 446
358 101
122 231
84 137
505 176
12 629
543 385
254 366
78 107
578 788
41 747
382 531
349 120
2 89
1 13
357 72
8 5
89 521
730 565
177 246
278 314
223 267
541 769
232 421
737 76
388 774
738 149
293 288
236 585
385 471
73 49
700 741
355 160
4 42
296 502
514 456
567 203
39 245
202 526
563 524
71 308
100 386
750 364
73 79
11 178
71 24
77 703
6 63
742 458
435 182
307 274
177 156
820 747
678 303
15 9
698 661
133 35
177 339
808 243
68 210
449 35
93 214
338 669
206 460
159 162
498 404
86 61
340 381
202 377
402 254
161 415
93 27
46 56
775 265
267 786
36 90
8 224
257 255
74 141
179 77
168 482
204 425
170 773
293 336
135 69
15 16
816 370
28 533
65 85
51 24
473 720
143 604
259 223
712 387
11 27
534 596
409 688
334 400
767 335
332 387
187 403
569 603
86 134
392 206
285 444
652 752
274 226
279 259
10 115
95 291
579 419
196 453
20 4
231 419
60 58
10 180
513 130
74 258
273 305
299 80
241 237
725 415
18 104
117 126
284 717
205 90
105 81
56 209
303 371
300 799
375 168
790 44
46 23
581 314
728 79
164 286
306 439
48 494
153 163
349 506
250 709
279 784
206 19
64 52
38 497
130 743
64 130
199 23
439 696
652 802
3 17
674 794
497 702
655 79
68 171
480 692
91 12
291 814
372 182
313 208
136 175
680 308
168 217
46 70
399 357
746 692
340 397
247 99
15 485
19 298
49 50
367 408
601 578
447 193
107 430
370 490
341 350
323 467
515 4
544 139
632 713
467 644
472 302
55 176
303 49
313 668
154 135
359 649
136 50
81 1
221 218
254 230
52 106
85 599
301 221
60 338
673 718
727 511
90 442
191 196
123 48
262 217
128 56
570 519
507 189
282 61
17 39
230 126
648 729
27 714
237 409
600 394
723 795
433 139
4 2
478 445
355 529
711 509
269 546
131 151
62 391
158 174
239 171
119 624
119 78
628 383
118 638
352 296
118 368
37 31
137 243
45 181
30 33
319 15
639 231
344 564
3 2
48 188
141 376
103 83
146 12
503 542
276 143
233 114
225 362
12 23
47 75
38 5
176 280
540 745
496 554
447 640
458 475
634 389
278 426
269 283
152 458
518 488
673 243
391 431
123 242
443 12
329 93
138 337
591 302
159 365
324 627
349 407
3 7
418 268
695 284
578 361
312 117
78 9
762 249
121 90
594 442
382 275
21 124
242 561
145 288
476 117
17 480
225 23
359 436
775 779
166 17
412 303
487 138
304 291
127 187
576 428
178 660
770 674
27 633
292 334
572 443
33 145
496 397
812 75
106 235
49 19
602 419
356 112
271 520
202 85
460 465
612 353
413 155
61 462
800 574
372 491
297 183
271 200
479 582
112 203
656 595
459 448
162 501
625 342
237 206
95 287
614 270
70 149
18 12
492 575
731 120
28 416
443 803
544 657
169 345
597 291
290 25
16 440
754 25
777 550
97 65
187 197
3 28
251 278
574 51
43 654
96 58
320 60
540 160
661 428
165 117
70 76
75 417
273 388
665 496
24 41
512 17
43 36
228 588
74 69
369 356
302 244
438 583
120 200
287 473
204 650
178 380
598 611
52 10
91 169
121 208
154 441
676 402
69 153
768 71
682 789
499 635
662 7
619 95
605 511
43 456
222 145
626 35
680 749
756 441
236 80
53 261
783 442
573 173
557 188
14 45
751 246
52 536
234 342
616 377
510 109
129 667
182 252
455 400
40 66
344 77
648 215
109 35
83 14
723 388
731 771
188 527
568 542
113 323
77 216
86 87
5 10
184 180
158 385
142 105
49 111
155 126
114 48
11 26
324 411
2 1
145 359
408 535
318 158
617 538
776 697
618 659
464 311
806 76
360 146
95 27
143 10
532 448
395 221
178 251
504 400
347 122
36 641
168 54
686 575
618 34
636 407
383 176
377 781
44 34
57 735
41 438
517 37
198 367
584 385
805 265
690 117
503 218
755 649
294 500
226 56
295 285
272 47
59 67
322 247
542 782
33 47
370 461
645 257
204 112
29 620
671 451
807 624
778 216
707 43
486 210
370 320
140 813
310 539
240 62
38 72
35 493
538 257
152 104
361 329
281 264
24 12
333 95
488 666
565 225
331 123
458 569
14 19
670 434
248 32
126 766
27 215
108 85
203 207
191 114
389 213
740 154
116 85
607 342
642 433
450 134
213 73
30 28
201 379
5 2
524 126
658 134
130 296
509 451
31 404
556 426
239 268
48 31
390 379
5 132
508 586
530 390
97 195
624 715
117 60
219 452
566 457
182 121
289 552
284 24
102 194
424 98
189 470
451 165
123 429
354 218
675 6
164 128
228 652
590 178
204 227
82 172
227 335
71 701
37 68
31 77
437 358
132 798
350 587
62 183
107 228
716 440
423 183
158 122
10 62
50 55
139 7
787 130
632 161
65 10
374 213
58 23
189 110
306 184
111 144
97 110
230 363
228 549
610 338
324 315
160 127
83 198
21 264
682 466
3 9
445 315
631 398
185 46
396 115
699 388
32 69
330 66
173 53
208 772
104 140
208 398
315 310
647 525
223 406
380 550
88 83
182 270
31 9
606 56
818 735
615 426
519 369
27 61
80 73
32 102
719 441
92 428
523 327
326 177
722 208
684 376
272 560
520 653
8 25
7 120
708 5
409 801
132 764
672 74
38 255
129 98
1 244
181 571
219 4
17 364
107 112
112 277
67 125
551 221
212 69
580 240
613 271
91 384
123 748
263 85
223 55
138 55
224 791
92 41
595 278
679 358
685 817
311 301
393 47
797 112
630 150
16 35
264 477
211 88
266 548
260 188
109 157
623 398
12 2
115 522
71 414
691 215
365 463
495 225
637 344
192 113
147 67
122 40
250 162
208 651
389 446
222 249
483 164
499 136
405 388
646 706
230 266
704 38
577 283
101 21
82 275
14 4
276 508
189 294
128 516
602 759
454 153
256 224
156 39
495 687
479 68
102 422
69 148
432 430
468 205
11 3
195 427
325 4
90 739
98 17
285 1
689 445
6 186
98 159
388 736
592 564
674 463
429 434
448 608
526 796
193 3
201 160
29 811
65 150
663 588
469 346
167 51
376 744
27 316
84 11
757 718
7 32
217 705
173 232
218 201
380 420
333 474
643 815
182 466
541 307
76 82
36 4
353 225
273 242
394 232
236 341
115 726
340 298
173 700
19 161
275 677
216 229
221 753
59 40
683 297
221 448
621 453
